[0.01052632 3.         0.4679102 ]
[0.00701754 2.         0.49616767]
[0.01052632 3.         0.40896641]
[0.0245614  7.         0.36471954]
[ 0.04210526 16.          0.20479554]
[ 0.06315789 24.          0.18746499]
[7.33137830e-04 4.00000000e+00 3.44532942e-01]
[4.25170068e-04 2.00000000e+00 5.00053155e-01]
[1.48809524e-03 7.00000000e+00 3.54791629e-01]
[1.91326531e-03 9.00000000e+00 3.48136804e-01]
[6.37755102e-04 3.00000000e+00 3.67952508e-01]
[2.33843537e-03 1.10000000e+01 2.98563476e-01]
[2.33843537e-03 1.10000000e+01 2.98563476e-01]
[2.12585034e-03 1.00000000e+01 2.48721205e-01]
[4.25170068e-04 2.00000000e+00 2.91512901e-02]
[2.33843537e-03 1.10000000e+01 2.55976822e-01]
[2.33843537e-03 1.10000000e+01 2.55976822e-01]
[4.25170068e-04 2.00000000e+00 2.39767122e-01]
[4.25170068e-04 2.00000000e+00 4.28676412e-01]
[4.25170068e-04 2.00000000e+00 4.35365981e-01]
[4.25170068e-04 2.00000000e+00 2.47390520e-01]
[2.97619048e-03 1.40000000e+01 1.99254115e-01]
[4.25170068e-04 2.00000000e+00 4.99965645e-01]
[4.25170068e-04 2.00000000e+00 2.44378580e-01]
[4.25170068e-04 2.00000000e+00 5.00053155e-01]
[1.48809524e-03 7.00000000e+00 3.54791629e-01]
[1.91326531e-03 9.00000000e+00 3.48136804e-01]
[6.37755102e-04 3.00000000e+00 3.67952508e-01]
[2.33843537e-03 1.10000000e+01 2.98563476e-01]
[2.33843537e-03 1.10000000e+01 2.98563476e-01]
[2.33843537e-03 1.10000000e+01 2.55976822e-01]
[2.33843537e-03 1.10000000e+01 2.55976822e-01]
[1.91326531e-03 9.00000000e+00 2.67161298e-01]
[4.25170068e-04 2.00000000e+00 2.52484433e-02]
[4.25170068e-04 2.00000000e+00 2.39767122e-01]
[4.25170068e-04 2.00000000e+00 4.61907051e-01]
[4.25170068e-04 2.00000000e+00 4.63647629e-01]
[4.25170068e-04 2.00000000e+00 3.61716010e-01]
[4.25170068e-04 2.00000000e+00 1.41406934e-01]
[2.97619048e-03 1.40000000e+01 1.99254115e-01]
[4.25170068e-04 2.00000000e+00 4.99965645e-01]
[4.25170068e-04 2.00000000e+00 2.44378580e-01]
[4.25170068e-04 2.00000000e+00 5.00053155e-01]
[4.25170068e-04 2.00000000e+00 4.97442984e-01]
[2.33843537e-03 1.10000000e+01 2.46682971e-01]
[4.25170068e-04 2.00000000e+00 4.97979002e-01]
[2.33843537e-03 1.10000000e+01 2.12348792e-01]
[4.25170068e-04 2.00000000e+00 4.95226483e-01]
[4.25170068e-04 2.00000000e+00 4.99653633e-01]
[4.25170068e-04 2.00000000e+00 4.94769667e-01]
[4.25170068e-04 2.00000000e+00 4.58934545e-01]
[6.37755102e-04 3.00000000e+00 4.24665481e-01]
[ 0.0619195  20.          0.38635741]
[ 0.0619195  20.          0.38434126]
[1.00000000e+00 3.23000000e+02 2.90019548e-01]
[0.02167183 7.         0.20364536]
[0.02167183 7.         0.1784318 ]
[0.11111111 7.         0.33601075]
[0.04761905 3.         0.41152745]
[0.04761905 3.         0.41152745]
[0.04761905 3.         0.44385201]
[  1.         130.           0.44748709]
[0.02307692 3.         0.272059  ]
[0.03846154 5.         0.39391995]
[0.02307692 3.         0.27236021]
[0.02307692 3.         0.29211461]
[0.02307692 3.         0.38270995]
[0.01538462 2.         0.25482815]
[0.01538462 2.         0.37640613]
[0.01538462 2.         0.32072146]
[0.02307692 3.         0.14554608]
[0.002      2.         0.49347697]
[0.02380952 3.         0.50098316]
[0.00985222 8.         0.21847367]
[ 0.01113586 10.          0.19595493]
[0.0077951  7.         0.29118268]
[0.00504202 3.         0.25062523]
[0.00862069 5.         0.1680914 ]
[0.00890869 8.         0.1642232 ]
[0.00764526 5.         0.34591337]
[0.1875 3.     0.5   ]
[0.01421801 3.         0.4319658 ]
[0.66666667 4.         0.41833001]
[0.00222717 2.         0.49857713]
[ 0.02672606 24.          0.38348342]
[0.046875   3.         0.47871355]
[0.00334076 3.         0.19497416]
[0.33333333 3.         0.33333333]
[0.00556793 5.         0.35258215]
[2.74036419e-05 2.00000000e+00 3.28425162e-01]
[4.11054629e-05 3.00000000e+00 3.30106768e-01]
[1.37018210e-04 1.00000000e+01 1.90245588e-01]
[2.19535956e-04 1.60000000e+01 3.33980339e-01]
[4.11105325e-05 3.00000000e+00 1.84538894e-01]
[7.16188730e-05 5.00000000e+00 1.73763418e-01]
[5.72992021e-05 4.00000000e+00 2.60577747e-01]
[5.47346642e-01 3.99470000e+04 1.31469476e-01]
[6.85137987e-05 5.00000000e+00 2.90736557e-01]
[1.78135877e-04 1.30000000e+01 2.56290581e-01]
[1.41752895e-01 1.03430000e+04 6.89209106e-02]
[1.55965189e-01 1.13800000e+04 7.38623399e-02]
[1.74412390e-01 1.27260000e+04 8.07647207e-02]
[1.84430892e-01 1.34570000e+04 8.16206919e-02]
[1.41960698e-01 1.03160000e+04 6.81531752e-02]
[1.55033853e-01 1.12660000e+04 7.28790486e-02]
[1.71932625e-01 1.24940000e+04 7.90865645e-02]
[1.81551715e-01 1.31930000e+04 8.06160039e-02]
[8.77449547e-04 3.00000000e+00 1.33455334e-01]
[8.77449547e-04 3.00000000e+00 1.50262704e-01]
[1.01393475e-03 7.40000000e+01 2.59965542e-01]
[2.09637861e-03 1.53000000e+02 2.71113834e-01]
[2.75800590e-02 2.01100000e+03 3.88176881e-02]
[2.74036419e-05 2.00000000e+00 1.56974922e-01]
[3.85021169e-03 2.81000000e+02 8.51118232e-02]
[0.02222222 4.         0.27780261]
[ 0.05555556 10.          0.34978813]
[ 0.14444444 26.          0.20589572]
[0.04444444 8.         0.17438518]
[0.02777778 5.         0.27267939]
[0.01111111 2.         0.33477343]
[0.01111111 2.         0.21855288]
[0.01111111 2.         0.27715635]
[0.01111111 2.         0.46647376]
[0.01111111 2.         0.21855288]
[0.01111111 2.         0.31514631]
[0.01111111 2.         0.40923541]
[0.01111111 2.         0.16479395]
[0.01111111 2.         0.41312273]
[0.01111111 2.         0.37371755]
[0.01111111 2.         0.34088285]
[0.01111111 2.         0.39687638]
[0.01111111 2.         0.26856864]
[0.01111111 2.         0.40523422]
[0.01111111 2.         0.0745356 ]
[0.01111111 2.         0.14781672]
[0.01111111 2.         0.14781672]
[0.01111111 2.         0.12837619]
[0.01111111 2.         0.22970037]
[0.01111111 2.         0.44046559]
[0.01111111 2.         0.37371755]
[0.01111111 2.         0.26856864]
[0.01111111 2.         0.34679521]
[1.00000000e+00 3.55490000e+04 2.88687316e-01]
[9.05792005e-03 3.22000000e+02 1.67690412e-01]
[6.75124476e-04 2.40000000e+01 2.95626326e-01]
[3.34075724e-03 1.20000000e+01 2.54869012e-01]
[2.28304067e-03 8.10000000e+01 1.18451143e-01]
[1.40861266e-03 4.90000000e+01 1.67574713e-01]
[1.81581576e-04 6.00000000e+00 1.25081836e-01]
[2.58966723e-04 4.00000000e+00 8.99571615e-03]
[3.02846760e-03 5.00000000e+00 5.17992385e-02]
[7.22245151e-04 7.00000000e+00 1.19728365e-01]
[4.38321853e-03 7.00000000e+00 1.72203743e-01]
[4.90998363e-03 6.00000000e+00 5.56048921e-02]
[1.19331742e-03 6.00000000e+00 1.52262881e-01]
[0.03968254 5.         0.08365546]
[1.81309244e-03 5.70000000e+01 1.40658216e-01]
[7.92987021e-03 2.56000000e+02 1.32721955e-01]
[6.54450262e-04 3.00000000e+00 2.08855207e-02]
[5.37666527e-04 1.80000000e+01 1.25464073e-02]
[7.65027322e-03 1.40000000e+01 2.69026933e-01]
[1.52685798e-02 8.30000000e+01 2.62717012e-01]
[0.01092044 7.         0.28703185]
[1.29115558e-03 4.00000000e+00 2.51385161e-01]
[0.03076923 6.         0.32348551]
[0.01025641 2.         0.42565122]
[0.01025641 2.         0.50112219]
[0.02061856 4.         0.32787132]
[ 0.24615385 48.          0.16023845]
[0.03092784 6.         0.13968481]
[0.01538462 3.         0.41086229]
[0.02051282 4.         0.26894131]
[0.02051282 4.         0.39603284]
[0.01025641 2.         0.44602986]
[0.01025641 2.         0.48650843]
[1.51057402e-03 2.00000000e+00 5.00160965e-01]
[1.51057402e-03 2.00000000e+00 5.00077064e-01]
[1.51057402e-03 2.00000000e+00 5.00174662e-01]
[1.51057402e-03 2.00000000e+00 5.00174662e-01]
[1.51057402e-03 2.00000000e+00 5.00186646e-01]
[1.51057402e-03 2.00000000e+00 5.00168384e-01]
[1.51057402e-03 2.00000000e+00 5.00183793e-01]
[1.51057402e-03 2.00000000e+00 5.00183793e-01]
[1.51057402e-03 2.00000000e+00 5.00183793e-01]
[1.51057402e-03 2.00000000e+00 5.00188929e-01]
[1.51057402e-03 2.00000000e+00 4.14770022e-01]
[ 0.31707317 52.          0.18556109]
[ 0.10731707 22.          0.29880148]
[0.0097561  2.         0.29744649]
[0.0097561  2.         0.38553471]
[0.01477833 3.         0.49742055]
[0.02439024 5.         0.20916501]
[0.01463415 3.         0.27808528]
[0.0097561  2.         0.12037722]
[  0.83414634 171.           0.2019706 ]
[0.03414634 7.         0.17888425]
[0.03414634 7.         0.20914833]
[ 0.21463415 44.          0.15714224]
[0.03902439 8.         0.31201613]
[ 0.2955665  60.          0.16547654]
[ 0.1182266  24.          0.19564676]
[ 0.14146341 29.          0.18172616]
[ 0.14634146 30.          0.18122219]
[  0.93034826 187.           0.19728579]
[0.02926829 6.         0.25944797]
[1.51643819e-04 2.50000000e+01 3.05282892e-01]
[2.42630110e-05 4.00000000e+00 3.79208622e-01]
[6.67232804e-05 1.10000000e+01 2.78541313e-01]
[3.82778147e-02 2.42000000e+03 2.74418356e-01]
[3.59052229e-03 2.27000000e+02 8.23402773e-02]
[3.19509032e-03 2.02000000e+02 6.92491442e-02]
[2.34215402e-02 1.47900000e+03 3.80839274e-02]
[7.11225774e-02 4.46600000e+03 1.90790159e-01]
[3.16345576e-05 2.00000000e+00 3.76788662e-01]
[3.16345576e-05 2.00000000e+00 3.61825951e-01]
[3.16345576e-05 2.00000000e+00 3.54979574e-01]
[3.16345576e-05 2.00000000e+00 3.41760568e-01]
[3.16345576e-05 2.00000000e+00 4.98509758e-01]
[3.16345576e-05 2.00000000e+00 2.86048464e-01]
[3.16345576e-05 2.00000000e+00 2.61942056e-01]
[3.16345576e-05 2.00000000e+00 3.15604972e-01]
[3.16345576e-05 2.00000000e+00 4.02047938e-01]
[3.16345576e-05 2.00000000e+00 1.98434420e-01]
[3.16345576e-05 2.00000000e+00 1.75195776e-01]
[3.16345576e-05 2.00000000e+00 6.60473972e-02]
[3.16345576e-05 2.00000000e+00 1.11776122e-01]
[3.16345576e-05 2.00000000e+00 4.57744398e-01]
[3.16345576e-05 2.00000000e+00 9.90137848e-02]
[3.16345576e-05 2.00000000e+00 6.44855828e-02]
[3.16345576e-05 2.00000000e+00 1.63096838e-01]
[3.16345576e-05 2.00000000e+00 1.86291885e-01]
[3.16345576e-05 2.00000000e+00 4.97787696e-01]
[3.16345576e-05 2.00000000e+00 3.96407168e-01]
[3.16345576e-05 2.00000000e+00 3.22006695e-01]
[3.16345576e-05 2.00000000e+00 4.94986500e-01]
[0.03773585 4.         0.40255994]
[0.03773585 4.         0.39219703]
[0.03773585 4.         0.38557394]
[0.03773585 4.         0.35969439]
[0.03773585 4.         0.38501688]
[0.03773585 4.         0.40185255]
[0.03773585 4.         0.41231177]
[0.03773585 4.         0.40943256]
[0.03773585 4.         0.40683979]
[0.03773585 4.         0.40224984]
[0.03773585 4.         0.41487034]
[0.03773585 4.         0.36476542]
[0.03773585 4.         0.39891037]
[0.03773585 4.         0.34905998]
[0.03773585 4.         0.40988339]
[0.03773585 4.         0.39285828]
[0.03773585 4.         0.31576968]
[0.03773585 4.         0.36929413]
[0.03773585 4.         0.35920836]
[0.03773585 4.         0.37899316]
[0.03773585 4.         0.39805858]
[0.03773585 4.         0.38547036]
[0.03773585 4.         0.36185274]
[0.03773585 4.         0.37948016]
[0.03773585 4.         0.39595892]
[0.03773585 4.         0.38614313]
[0.03773585 4.         0.3713967 ]
[0.03773585 4.         0.35685223]
[0.03773585 4.         0.3605399 ]
[0.03773585 4.         0.36956436]
[0.03773585 4.         0.41408756]
[0.03773585 4.         0.38236299]
[0.03773585 4.         0.40096967]
[0.03773585 4.         0.37492803]
[0.03773585 4.         0.37725066]
[0.03773585 4.         0.37809651]
[0.03773585 4.         0.38234994]
[0.03773585 4.         0.38975858]
[0.03773585 4.         0.41722185]
[0.03773585 4.         0.41850001]
[0.03773585 4.         0.40881033]
[0.03773585 4.         0.36564015]
[0.03773585 4.         0.3898098 ]
[0.03773585 4.         0.37858466]
[0.03773585 4.         0.38401732]
[0.03773585 4.         0.35568937]
[0.03773585 4.         0.36788575]
[0.03773585 4.         0.37155794]
[0.03773585 4.         0.34716726]
[0.03773585 4.         0.35092826]
[0.03773585 4.         0.36711155]
[0.03773585 4.         0.39373399]
[0.03773585 4.         0.39005302]
[0.03773585 4.         0.37095292]
[0.03773585 4.         0.3626244 ]
[0.03773585 4.         0.37411504]
[0.03773585 4.         0.39317579]
[2.30821453e-02 3.40000000e+01 2.49310447e-01]
[2.71554650e-03 4.00000000e+00 3.38331399e-01]
[2.71554650e-03 4.00000000e+00 2.72116192e-01]
[1.01832994e-02 1.50000000e+01 1.47409304e-01]
[1.35777325e-03 2.00000000e+00 3.56559160e-01]
[1.35777325e-03 2.00000000e+00 4.33453427e-01]
[2.71554650e-03 4.00000000e+00 2.88285757e-01]
[2.71554650e-03 4.00000000e+00 3.25386834e-01]
[1.35777325e-03 2.00000000e+00 2.61857583e-01]
[2.03665988e-03 3.00000000e+00 4.38187965e-01]
[9.80256663e-02 9.93000000e+02 2.91267037e-01]
[9.79269497e-02 9.92000000e+02 2.88386954e-01]
[4.93583416e-04 5.00000000e+00 1.61150195e-01]
[1.00000000e+00 1.96600000e+03 2.74909497e-01]
[7.52797558e-02 1.48000000e+02 3.02935829e-02]
[6.76500509e-02 1.33000000e+02 2.97439721e-02]
[1.88199390e-02 3.70000000e+01 3.24374848e-02]
[1.01729400e-03 2.00000000e+00 3.12168638e-01]
[1.01729400e-03 2.00000000e+00 3.97327991e-01]
[4.06917599e-03 8.00000000e+00 3.10770878e-01]
[7.89265983e-04 2.00000000e+00 2.43264899e-01]
[0.00351494 2.         0.48391796]
[3.40440473e-03 1.97800000e+03 1.40062398e-01]
[6.21329680e-04 3.61000000e+02 3.10871447e-01]
[1.15316035e-04 6.70000000e+01 1.13458209e-01]
[9.48345301e-04 5.51000000e+02 1.52146998e-01]
[1.20479439e-03 7.00000000e+02 7.53168367e-02]
[9.95676509e-03 5.78500000e+03 2.19088783e-01]
[3.56274913e-04 2.07000000e+02 1.05393263e-01]
[3.18409947e-04 1.85000000e+02 7.78295164e-02]
[4.38889386e-04 2.55000000e+02 1.50687123e-01]
[1.00290528e-02 5.82700000e+03 1.84608282e-01]
[3.44226969e-06 2.00000000e+00 4.97378775e-01]
[3.44226969e-06 2.00000000e+00 2.20882278e-01]
[3.44226969e-06 2.00000000e+00 4.95897005e-01]
[3.44226969e-06 2.00000000e+00 2.44087344e-01]
[3.44226969e-06 2.00000000e+00 7.20385596e-02]
[3.44226969e-06 2.00000000e+00 1.13065553e-01]
[3.44226969e-06 2.00000000e+00 9.07311434e-02]
[3.44226969e-06 2.00000000e+00 1.44499250e-01]
[3.44226969e-06 2.00000000e+00 5.23555344e-02]
[3.44226969e-06 2.00000000e+00 1.05775321e-01]
[3.44226969e-06 2.00000000e+00 1.34419794e-02]
[3.44226969e-06 2.00000000e+00 1.75496083e-02]
[3.44226969e-06 2.00000000e+00 4.43874737e-02]
[3.44226969e-06 2.00000000e+00 2.30245122e-01]
[3.44226969e-06 2.00000000e+00 1.44579046e-01]
[3.44226969e-06 2.00000000e+00 2.21186107e-01]
[3.44226969e-06 2.00000000e+00 1.70590403e-01]
[3.44226969e-06 2.00000000e+00 3.20920343e-02]
[3.44226969e-06 2.00000000e+00 2.27230869e-03]
[3.44226969e-06 2.00000000e+00 6.98044415e-02]
[3.44226969e-06 2.00000000e+00 7.65182637e-02]
[3.44226969e-06 2.00000000e+00 5.70767730e-02]
[3.44226969e-06 2.00000000e+00 8.29023473e-02]
[3.44226969e-06 2.00000000e+00 1.25228027e-01]
[3.44226969e-06 2.00000000e+00 3.79504047e-02]
[3.44226969e-06 2.00000000e+00 2.32680549e-01]
[3.44226969e-06 2.00000000e+00 2.99197220e-01]
[3.44226969e-06 2.00000000e+00 1.87832837e-01]
[3.44226969e-06 2.00000000e+00 2.85508977e-02]
[3.44226969e-06 2.00000000e+00 6.66045769e-02]
[3.44226969e-06 2.00000000e+00 4.31933088e-02]
[3.44226969e-06 2.00000000e+00 4.03180524e-02]
[3.44226969e-06 2.00000000e+00 3.98761766e-01]
[3.44226969e-06 2.00000000e+00 2.21879128e-01]
[3.44226969e-06 2.00000000e+00 2.05483139e-01]
[3.44226969e-06 2.00000000e+00 2.86743192e-01]
[3.44226969e-06 2.00000000e+00 2.67724580e-01]
[3.44226969e-06 2.00000000e+00 5.25838841e-02]
[3.44226969e-06 2.00000000e+00 5.69568146e-02]
[3.44226969e-06 2.00000000e+00 1.43099074e-02]
[3.44226969e-06 2.00000000e+00 2.26414664e-02]
[3.44226969e-06 2.00000000e+00 1.61508094e-01]
[3.44226969e-06 2.00000000e+00 1.52306912e-01]
[3.44226969e-06 2.00000000e+00 1.21791436e-01]
[1.20479439e-05 7.00000000e+00 2.32750719e-01]
[0.01256281 5.         0.33213529]
[ 0.20603015 82.          0.26943111]
[ 0.23979592 94.          0.20919109]
[8.81909548e-01 3.51000000e+02 2.40102573e-01]
[0.00753769 3.         0.40102744]
[ 0.27956989 26.          0.16894934]
[0.02150538 2.         0.47764421]
[ 0.33333333 31.          0.31075033]
[ 0.92473118 86.          0.2838269 ]
[0.05376344 5.         0.25974463]
[ 0.41538462 54.          0.27836172]
[0.02290076 3.         0.47137684]
[ 0.30952381 39.          0.16357078]
[0.03030303 4.         0.08697807]
[0.04     3.       0.474579]
[ 0.8        20.          0.23820277]
[ 0.8        20.          0.23776944]
[ 0.4        10.          0.32672879]
[ 0.88      22.         0.2385348]
[ 0.88      22.         0.2385348]
[ 0.88      22.         0.2385348]
[ 0.88      22.         0.2385348]
[ 0.88      22.         0.2385348]
[ 0.88      22.         0.2385348]
[ 0.88      22.         0.2385348]
[ 0.88      22.         0.2385348]
[ 0.88      22.         0.2385348]
[ 0.88      22.         0.2385348]
[ 0.88      22.         0.2385348]
[ 0.88      22.         0.2385348]
[ 0.88      22.         0.2385348]
[ 0.88      22.         0.2385348]
[ 0.88      22.         0.2385348]
[ 0.88      22.         0.2385348]
[ 0.88      22.         0.2385348]
[ 0.88      22.         0.2385348]
[ 0.88      22.         0.2385348]
[ 0.88      22.         0.2385348]
[ 0.88      22.         0.2385348]
[ 0.88      22.         0.2385348]
[ 0.88      22.         0.2385348]
[ 0.88      22.         0.2385348]
[ 0.88      22.         0.2385348]
[ 0.88      22.         0.2385348]
[ 0.88      22.         0.2385348]
[ 0.88      22.         0.2385348]
[ 0.88      22.         0.2385348]
[ 0.88      22.         0.2385348]
[ 0.88      22.         0.2385348]
[ 0.88      22.         0.2385348]
[ 0.88      22.         0.2385348]
[ 0.95      19.         0.2609627]
[ 0.95      19.         0.2609627]
[ 0.95      19.         0.2609627]
[0.11111111 4.         0.39440532]
[ 0.55555556 20.          0.23065473]
[ 0.86111111 31.          0.31770509]
[ 0.5        18.          0.32396931]
[ 0.97222222 35.          0.2647641 ]
[ 0.86111111 31.          0.2086231 ]
[0.13888889 5.         0.24234306]
[ 1.         36.          0.29656476]
[0.08333333 3.         0.41403934]
[1.04166667e-02 1.10000000e+01 2.92360564e-01]
[5.26121955e-05 2.00000000e+00 1.96912488e-01]
[1.84142684e-04 7.00000000e+00 3.33326457e-01]
[1.36791708e-03 5.20000000e+01 2.97460537e-01]
[1.26269269e-03 4.80000000e+01 2.94762126e-01]
[8.21866964e-04 3.10000000e+01 1.53101168e-01]
[4.04114815e-02 1.53600000e+03 2.13960959e-01]
[ 0.07207207 16.          0.3573916 ]
[0.00900901 2.         0.49025396]
[9.60784314e-03 4.90000000e+01 1.88509366e-01]
[1.58823529e-02 8.10000000e+01 1.47145124e-01]
[1.35294118e-02 6.90000000e+01 2.02745134e-01]
[1.52941176e-02 7.80000000e+01 1.35136393e-01]
[9.41176471e-03 4.80000000e+01 1.89872929e-01]
[1.49019608e-02 7.60000000e+01 1.46510053e-01]
[1.33333333e-02 6.80000000e+01 2.02409827e-01]
[1.49019608e-02 7.60000000e+01 1.21146591e-01]
[9.21568627e-03 4.70000000e+01 1.88969495e-01]
[1.50980392e-02 7.70000000e+01 1.59119471e-01]
[1.35294118e-02 6.90000000e+01 1.94850404e-01]
[1.58823529e-02 8.10000000e+01 1.17437513e-01]
[9.60784314e-03 4.90000000e+01 1.88244812e-01]
[1.50980392e-02 7.70000000e+01 1.43569988e-01]
[1.31372549e-02 6.70000000e+01 2.04350618e-01]
[1.43137255e-02 7.30000000e+01 1.27719493e-01]
[9.60784314e-03 4.90000000e+01 1.86157416e-01]
[1.41176471e-02 7.20000000e+01 1.51119687e-01]
[1.31372549e-02 6.70000000e+01 2.03713921e-01]
[1.47058824e-02 7.50000000e+01 1.32993246e-01]
[9.21568627e-03 4.70000000e+01 1.88044299e-01]
[1.43137255e-02 7.30000000e+01 1.55549247e-01]
[1.35294118e-02 6.90000000e+01 2.01441967e-01]
[1.64705882e-02 8.40000000e+01 1.17755896e-01]
[9.60784314e-03 4.90000000e+01 1.87172587e-01]
[1.52941176e-02 7.80000000e+01 1.55947092e-01]
[1.35294118e-02 6.90000000e+01 1.99010586e-01]
[1.52941176e-02 7.80000000e+01 1.28503741e-01]
[9.41176471e-03 4.80000000e+01 1.87547085e-01]
[1.52941176e-02 7.80000000e+01 1.54523924e-01]
[1.33333333e-02 6.80000000e+01 2.04362462e-01]
[1.52941176e-02 7.80000000e+01 1.25010541e-01]
[9.60784314e-03 4.90000000e+01 1.82992021e-01]
[1.49019608e-02 7.60000000e+01 1.54576204e-01]
[1.37254902e-02 7.00000000e+01 1.78546535e-01]
[1.56862745e-02 8.00000000e+01 1.16161211e-01]
[3.92156863e-04 2.00000000e+00 1.20384638e-01]
[ 0.08094435 48.          0.12704524]
[ 0.0994941  59.          0.12577196]
[0.00505902 3.         0.10534678]
[0.00337268 2.         0.45494563]
[0.00337268 2.         0.44934486]
[0.00337268 2.         0.49740679]
[0.00337268 2.         0.43313439]
[0.00337268 2.         0.45098376]
[0.00337268 2.         0.46637298]
[0.00506329 2.         0.4999261 ]
[0.02025316 8.         0.18229182]
[0.00506329 2.         0.41664278]
[0.00506329 2.         0.45368971]
[0.00506329 2.         0.30538444]
[0.01265823 5.         0.27368379]
[0.01265823 5.         0.27205014]
[0.01265823 5.         0.30686815]
[0.01265823 5.         0.21588547]
[0.01012658 4.         0.40274533]
[0.00759494 3.         0.26834181]
[0.01012658 4.         0.23250158]
[0.01012658 4.         0.27974678]
[0.01012658 4.         0.24788366]
[0.00506329 2.         0.33575126]
[0.00506329 2.         0.48776063]
[0.00506329 2.         0.49888393]
[0.00506329 2.         0.5005555 ]
[0.00506329 2.         0.40425991]
[0.00506329 2.         0.21952499]
[0.00506329 2.         0.37352808]
[0.00506329 2.         0.47230026]
[0.01012658 4.         0.20072904]
[0.01265823 5.         0.24971551]
[0.01265823 5.         0.27831954]
[0.01265823 5.         0.22268536]
[0.01265823 5.         0.32197415]
[0.01265823 5.         0.34757585]
[ 0.08607595 34.          0.10670794]
[ 0.04303797 17.          0.36889379]
[ 0.04303797 17.          0.34952886]
[ 0.04556962 18.          0.33575338]
[ 0.13122172 58.          0.2184838 ]
[  0.31900452 141.           0.16964731]
[  0.4841629  214.           0.24016512]
[1.70312535e-03 7.70000000e+01 1.37906001e-01]
[2.65422132e-04 1.20000000e+01 2.97514266e-01]
[6.63555329e-05 3.00000000e+00 3.04114888e-01]
[8.84740439e-05 4.00000000e+00 2.49332493e-01]
[4.42370220e-05 2.00000000e+00 1.33048939e-01]
[1.58545487e-01 7.16800000e+03 2.76429996e-02]
[4.4237022e-05 2.0000000e+00 4.9687781e-01]
[4.42370220e-05 2.00000000e+00 3.66820038e-01]
[6.63555329e-05 3.00000000e+00 4.48975479e-01]
[3.47924178e-02 1.57300000e+03 5.23643376e-02]
[1.06168853e-03 4.80000000e+01 4.99680788e-02]
[1.23642476e-02 5.59000000e+02 1.14826544e-01]
[9.06858950e-04 4.10000000e+01 8.37614925e-03]
[8.84740439e-05 4.00000000e+00 3.29686344e-01]
[4.42370220e-05 2.00000000e+00 3.21405733e-01]
[3.90240476e-06 4.00000000e+00 3.72578761e-01]
[1.26828155e-05 1.30000000e+01 3.11960550e-01]
[3.90240476e-06 4.00000000e+00 3.72881872e-01]
[1.26828155e-05 1.30000000e+01 3.12004288e-01]
[3.90240476e-06 4.00000000e+00 3.72781969e-01]
[1.26828155e-05 1.30000000e+01 3.11830414e-01]
[3.90240476e-06 4.00000000e+00 3.72405086e-01]
[1.26828155e-05 1.30000000e+01 3.11785229e-01]
[3.90240476e-06 4.00000000e+00 3.72980650e-01]
[1.26828155e-05 1.30000000e+01 3.11661189e-01]
[9.75601190e-06 1.00000000e+01 1.34555227e-01]
[1.14629073e-01 9.92000000e+02 2.90506077e-01]
[1.14744627e-01 9.93000000e+02 2.90450439e-01]
[5.77767506e-04 5.00000000e+00 1.65226395e-01]
[1.00000000e+00 1.97800000e+03 2.88894151e-01]
[1.52052712e-03 3.00000000e+00 4.90812736e-01]
[1.52129817e-03 3.00000000e+00 4.68701741e-01]
[1.01112235e-03 2.00000000e+00 4.82396577e-01]
[3.54071826e-03 7.00000000e+00 7.85936784e-02]
[2.66844563e-03 4.00000000e+00 3.42953539e-01]
[5.56117290e-03 1.10000000e+01 3.64190535e-01]
[3.03336704e-03 6.00000000e+00 2.77441421e-01]
[0.02183406 5.         0.27838107]
[1.26518219e-02 2.50000000e+01 6.19691762e-02]
[2.47975709e-02 4.90000000e+01 1.55322026e-01]
[0.01762115 4.         0.11891909]
[0.00998752 8.         0.15548336]
[ 0.23280423 44.          0.22463207]
[0.04242424 7.         0.38075663]
[0.01764706 3.         0.2123903 ]
[4.70588235e-03 6.00000000e+00 2.04052126e-01]
[0.08108108 3.         0.16439899]
[0.00950119 4.         0.05443772]
[1.51745068e-03 3.00000000e+00 5.02390771e-02]
[1.51668352e-03 3.00000000e+00 3.37933094e-01]
[4.80827754e-02 7.90000000e+01 2.00744991e-01]
[6.77328316e-02 7.20000000e+01 2.53041707e-01]
[ 0.325      13.          0.24746008]
[0.00369914 3.         0.46931704]
[0.00393701 3.         0.21781675]
[0.00400534 3.         0.06320309]
[0.00393185 3.         0.34472108]
[0.004      3.         0.13543515]
[0.003861   3.         0.34208806]
[0.00372208 3.         0.3408585 ]
[0.00379747 3.         0.31166175]
[0.00382166 3.         0.28517351]
[0.00395257 3.         0.17153286]
[0.00388098 3.         0.23430068]
[0.00405405 3.         0.16227184]
[0.00398936 3.         0.12013694]
[0.00390117 3.         0.22220303]
[0.00394218 3.         0.27968049]
[0.00401606 3.         0.10917413]
[ 0.0492228 38.         0.3256557]
[2.55623722e-03 5.00000000e+00 2.96857077e-01]
[2.75938190e-02 5.00000000e+01 1.45381602e-01]
[1.01112235e-03 2.00000000e+00 1.11738966e-01]
[1.67597765e-03 3.00000000e+00 4.72385412e-01]
[4.07687828e-02 7.00000000e+01 9.65195999e-02]
[2.67441860e-02 4.60000000e+01 1.51025764e-01]
[1.45348837e-02 2.50000000e+01 6.43656047e-02]
[1.74418605e-02 3.00000000e+01 9.18141783e-02]
[2.38372093e-02 4.10000000e+01 1.63037514e-01]
[2.44186047e-02 4.20000000e+01 1.21852251e-01]
[1.45348837e-02 2.50000000e+01 7.15456690e-02]
[1.27906977e-02 2.20000000e+01 1.06112594e-01]
[1.16279070e-02 2.00000000e+01 5.40460751e-02]
[2.79069767e-02 4.80000000e+01 1.44209020e-01]
[2.02224469e-03 4.00000000e+00 3.01916484e-01]
[1.01112235e-03 2.00000000e+00 1.99392865e-01]
[1.66204986e-03 3.00000000e+00 3.87988767e-01]
[2.66951415e-03 5.00000000e+00 7.38408851e-02]
[9.98988878e-01 1.97600000e+03 2.68723416e-01]
[1.00000000e+00 1.97800000e+03 2.64747628e-01]
[1.00000000e+00 1.97800000e+03 2.88894151e-01]
[1.90023753e-02 1.04000000e+02 2.36121593e-02]
[8.25872465e-02 4.52000000e+02 2.07829271e-01]
[2.54887630e-01 1.39500000e+03 3.36795032e-02]
[1.95322492e-01 1.06900000e+03 3.84832803e-02]
[3.13904623e-01 1.71800000e+03 4.07905368e-02]
[1.0615750e-01 5.8100000e+02 5.2104753e-02]
[9.13575735e-04 5.00000000e+00 1.50948336e-01]
[ 0.13548387 21.          0.31453912]
[0.05806452 9.         0.34521336]
[0.03870968 6.         0.21316534]
[0.03870968 6.         0.29138158]
[0.03870968 6.         0.28223775]
[0.01935484 3.         0.22709251]
[0.01935484 3.         0.36921774]
[0.02580645 4.         0.33154106]
[0.01489362 7.         0.11596805]
[0.00638298 3.         0.26768738]
[0.00425532 2.         0.24847217]
[0.00425532 2.         0.3521536 ]
[0.00425532 2.         0.24847217]
[0.00425532 2.         0.4641139 ]
[0.00425532 2.         0.37243886]
[0.00851064 4.         0.234081  ]
[0.00425532 2.         0.26281086]
[0.00425532 2.         0.06516323]
[0.00425532 2.         0.12948833]
[0.00425532 2.         0.38352877]
[0.00425532 2.         0.06516323]
[ 0.09574468 45.          0.13192275]
[0.00425532 2.         0.3564049 ]
[1.45772595e-03 2.00000000e+00 4.97103270e-01]
[5.95238095e-03 6.00000000e+00 2.08482680e-01]
[5.96421471e-03 6.00000000e+00 2.92642098e-01]
[5.97014925e-03 6.00000000e+00 2.84729026e-01]
[5.97014925e-03 6.00000000e+00 2.69033946e-01]
[5.98205384e-03 6.00000000e+00 3.13142532e-01]
[5.95238095e-03 6.00000000e+00 3.15211143e-01]
[5.95829196e-03 6.00000000e+00 2.90350036e-01]
[5.97609562e-03 6.00000000e+00 2.96215176e-01]
[5.95829196e-03 6.00000000e+00 3.43248665e-01]
[5.98802395e-03 6.00000000e+00 3.25276324e-01]
[5.96421471e-03 6.00000000e+00 3.43919129e-01]
[5.98205384e-03 6.00000000e+00 3.03608394e-01]
[5.97609562e-03 6.00000000e+00 3.14484021e-01]
[5.98205384e-03 6.00000000e+00 3.09317256e-01]
[5.98205384e-03 6.00000000e+00 3.36793217e-01]
[5.98802395e-03 6.00000000e+00 3.31975386e-01]
[5.98205384e-03 6.00000000e+00 3.31024856e-01]
[5.94648167e-03 6.00000000e+00 2.96023616e-01]
[5.97609562e-03 6.00000000e+00 1.73674975e-01]
[5.95238095e-03 6.00000000e+00 3.52769522e-01]
[5.94648167e-03 6.00000000e+00 2.99487709e-01]
[5.95829196e-03 6.00000000e+00 1.94947354e-01]
[5.95829196e-03 6.00000000e+00 3.02372219e-01]
[5.95238095e-03 6.00000000e+00 3.27972915e-01]
[5.95238095e-03 6.00000000e+00 3.37066562e-01]
[5.95829196e-03 6.00000000e+00 2.95440147e-01]
[5.95829196e-03 6.00000000e+00 3.04859007e-01]
[5.98802395e-03 6.00000000e+00 2.83341762e-01]
[5.96421471e-03 6.00000000e+00 2.84658213e-01]
[5.95238095e-03 6.00000000e+00 3.09025307e-01]
[5.95238095e-03 6.00000000e+00 3.15880737e-01]
[5.97014925e-03 6.00000000e+00 3.14587166e-01]
[5.94648167e-03 6.00000000e+00 3.23613957e-01]
[5.95829196e-03 6.00000000e+00 3.38123959e-01]
[5.95829196e-03 6.00000000e+00 3.06774525e-01]
[5.96421471e-03 6.00000000e+00 2.30165668e-01]
[5.97609562e-03 6.00000000e+00 3.30441427e-01]
[5.97014925e-03 6.00000000e+00 3.36824582e-01]
[5.97609562e-03 6.00000000e+00 3.46031643e-01]
[0.006      6.         0.34457172]
[5.97609562e-03 6.00000000e+00 3.73981001e-01]
[5.99400599e-03 6.00000000e+00 3.20557901e-01]
[5.97014925e-03 6.00000000e+00 2.85296904e-01]
[5.97014925e-03 6.00000000e+00 3.45086735e-01]
[5.94648167e-03 6.00000000e+00 3.10660992e-01]
[5.96421471e-03 6.00000000e+00 3.60207134e-01]
[5.97609562e-03 6.00000000e+00 3.30500492e-01]
[5.95829196e-03 6.00000000e+00 3.29910213e-01]
[5.98205384e-03 6.00000000e+00 2.99044022e-01]
[5.95829196e-03 6.00000000e+00 3.62599652e-01]
[5.94648167e-03 6.00000000e+00 3.78212495e-01]
[5.97609562e-03 6.00000000e+00 3.21933927e-01]
[0.00603015 6.         0.35125666]
[5.96421471e-03 6.00000000e+00 3.76027863e-01]
[5.98205384e-03 6.00000000e+00 2.93855156e-01]
[5.95238095e-03 6.00000000e+00 3.17562748e-01]
[5.95238095e-03 6.00000000e+00 3.21539014e-01]
[5.97609562e-03 6.00000000e+00 3.20649715e-01]
[5.98802395e-03 6.00000000e+00 3.31343820e-01]
[4.97017893e-03 5.00000000e+00 2.45727688e-01]
[5.95829196e-03 6.00000000e+00 3.55246358e-01]
[5.96421471e-03 6.00000000e+00 3.86342425e-01]
[5.95829196e-03 6.00000000e+00 3.02838493e-01]
[5.94648167e-03 6.00000000e+00 2.91057772e-01]
[5.95238095e-03 6.00000000e+00 3.13695480e-01]
[5.95829196e-03 6.00000000e+00 3.23863675e-01]
[5.97014925e-03 6.00000000e+00 3.85923841e-01]
[4.95049505e-03 5.00000000e+00 3.75245523e-01]
[5.95829196e-03 6.00000000e+00 3.50148714e-01]
[5.94648167e-03 6.00000000e+00 3.46616565e-01]
[5.94648167e-03 6.00000000e+00 3.41707269e-01]
[5.94648167e-03 6.00000000e+00 3.03659240e-01]
[4.99001996e-03 5.00000000e+00 3.86516730e-01]
[3.98009950e-03 4.00000000e+00 4.14797596e-01]
[5.95829196e-03 6.00000000e+00 2.34216355e-01]
[5.98205384e-03 6.00000000e+00 2.79607989e-01]
[5.97014925e-03 6.00000000e+00 3.05157212e-01]
[5.95829196e-03 6.00000000e+00 3.52055969e-01]
[5.97014925e-03 6.00000000e+00 3.19321375e-01]
[5.95829196e-03 6.00000000e+00 2.84227503e-01]
[5.98205384e-03 6.00000000e+00 3.44842471e-01]
[5.96421471e-03 6.00000000e+00 2.33398569e-01]
[5.94648167e-03 6.00000000e+00 2.24772883e-01]
[5.96421471e-03 6.00000000e+00 3.38424707e-01]
[5.97609562e-03 6.00000000e+00 2.81193550e-01]
[5.96421471e-03 6.00000000e+00 2.82192689e-01]
[5.94648167e-03 6.00000000e+00 2.61720713e-01]
[5.98205384e-03 6.00000000e+00 3.76109670e-01]
[5.96421471e-03 6.00000000e+00 3.00252297e-01]
[5.95829196e-03 6.00000000e+00 3.93669666e-01]
[5.97014925e-03 6.00000000e+00 2.98252004e-01]
[5.96421471e-03 6.00000000e+00 2.42913494e-01]
[5.96421471e-03 6.00000000e+00 2.89353176e-01]
[5.97014925e-03 6.00000000e+00 2.82932530e-01]
[4.95049505e-03 5.00000000e+00 3.03612962e-01]
[5.97609562e-03 6.00000000e+00 3.27326619e-01]
[5.98205384e-03 6.00000000e+00 2.97419196e-01]
[5.95238095e-03 6.00000000e+00 2.63144816e-01]
[5.94648167e-03 6.00000000e+00 2.82939143e-01]
[5.96421471e-03 6.00000000e+00 3.13397461e-01]
[5.94648167e-03 6.00000000e+00 2.68829808e-01]
[5.95238095e-03 6.00000000e+00 3.19596852e-01]
[5.95238095e-03 6.00000000e+00 3.70752450e-01]
[4.95049505e-03 5.00000000e+00 1.70786942e-01]
[5.95829196e-03 6.00000000e+00 2.57835900e-01]
[4.95049505e-03 5.00000000e+00 2.63836992e-01]
[3.96825397e-03 4.00000000e+00 4.07056563e-01]
[4.96031746e-03 5.00000000e+00 3.48877417e-01]
[5.95829196e-03 6.00000000e+00 2.50726702e-01]
[5.95238095e-03 6.00000000e+00 2.88106250e-01]
[5.96421471e-03 6.00000000e+00 2.61168821e-01]
[5.95829196e-03 6.00000000e+00 2.35951607e-01]
[5.97014925e-03 6.00000000e+00 2.73297516e-01]
[5.95238095e-03 6.00000000e+00 2.33922165e-01]
[5.97609562e-03 6.00000000e+00 2.93029170e-01]
[5.96421471e-03 6.00000000e+00 2.80225652e-01]
[5.95238095e-03 6.00000000e+00 2.75808132e-01]
[5.96421471e-03 6.00000000e+00 2.93458569e-01]
[5.95238095e-03 6.00000000e+00 2.73113003e-01]
[5.95238095e-03 6.00000000e+00 3.17043176e-01]
[5.95829196e-03 6.00000000e+00 2.79594954e-01]
[5.95829196e-03 6.00000000e+00 3.43660920e-01]
[5.96421471e-03 6.00000000e+00 2.06080842e-01]
[5.97014925e-03 6.00000000e+00 2.50404274e-01]
[5.96421471e-03 6.00000000e+00 3.05655171e-01]
[5.96421471e-03 6.00000000e+00 1.60858920e-01]
[5.96421471e-03 6.00000000e+00 3.10918461e-01]
[5.97014925e-03 6.00000000e+00 3.27478322e-01]
[5.95829196e-03 6.00000000e+00 2.92712619e-01]
[5.95238095e-03 6.00000000e+00 2.16434103e-01]
[5.96421471e-03 6.00000000e+00 2.75375452e-01]
[3.96039604e-03 4.00000000e+00 2.36224160e-01]
[5.95829196e-03 6.00000000e+00 2.86091177e-01]
[5.95238095e-03 6.00000000e+00 3.30765455e-01]
[5.95238095e-03 6.00000000e+00 3.26580228e-01]
[5.95829196e-03 6.00000000e+00 2.97236846e-01]
[5.95829196e-03 6.00000000e+00 3.01342113e-01]
[4.95049505e-03 5.00000000e+00 3.21242565e-01]
[5.95238095e-03 6.00000000e+00 2.73437456e-01]
[1.69491525e-02 1.70000000e+01 1.88589340e-01]
[ 0.05050505 50.          0.07109578]
[ 0.07070707 70.          0.11160936]
[8.96414343e-03 9.00000000e+00 1.01334819e-01]
[2.98804781e-03 3.00000000e+00 4.91961293e-01]
[2.97914598e-03 3.00000000e+00 3.00546075e-01]
[6.93756194e-03 7.00000000e+00 4.02569930e-01]
[2.97619048e-03 3.00000000e+00 4.34367707e-01]
[2.98210736e-03 3.00000000e+00 4.57260071e-01]
[2.98210736e-03 3.00000000e+00 4.91810020e-01]
[4.85185185e-01 2.62000000e+02 1.33898825e-01]
[0.00610998 3.         0.49524947]
[0.00621118 3.         0.20872031]
[0.00625    3.         0.04564355]
[0.00555556 3.         0.48524845]
[0.00555556 3.         0.48889966]
[0.00582524 3.         0.06225705]
[0.00824742 4.         0.17588128]
[0.00574713 3.         0.43934834]
[0.00740741 4.         0.3319539 ]
[0.01481481 8.         0.29333743]
[0.01296296 7.         0.36119818]
[0.00744879 4.         0.45800079]
[0.015625   6.         0.27258713]
[0.00574713 3.         0.48160582]
[ 0.07102804 38.          0.21771348]
[ 0.07977737 43.          0.16106267]
[ 0.07756813 37.          0.16880815]
[ 0.15849057 84.          0.12630776]
[0.01500938 8.         0.15675268]
[0.00744879 4.         0.18627684]
[0.0037037  2.         0.49437154]
[1.0000000e-03 2.0000000e+00 4.0343665e-01]
[1.0000000e-03 2.0000000e+00 4.2029433e-01]
[1.00000000e-03 2.00000000e+00 4.53875535e-01]
[1.00000000e-03 2.00000000e+00 4.22531675e-01]
[1.00000000e-03 2.00000000e+00 4.49111178e-01]
[2.67340377e-02 2.91000000e+02 2.11087824e-02]
[8.08451998e-03 8.80000000e+01 2.61878125e-02]
[8.72760680e-03 9.50000000e+01 2.23000682e-02]
[2.75608636e-03 3.00000000e+01 1.76663768e-02]
[1.83739090e-04 2.00000000e+00 3.95041958e-01]
[0.05769231 3.         0.39605902]
[0.09615385 5.         0.31907672]
[ 0.42307692 22.          0.23263257]
[ 0.96153846 50.          0.24820055]
[ 1.         52.          0.25250363]
[ 0.25       13.          0.29910598]
[ 0.25       13.          0.26919775]
[ 0.26923077 14.          0.24814513]
[ 0.26923077 14.          0.26494356]
[0.05769231 3.         0.46401422]
[8.30909846e-04 2.00000000e+00 3.82085605e-01]
[8.30909846e-04 2.00000000e+00 3.58343077e-01]
[8.30909846e-04 2.00000000e+00 3.71199537e-01]
[8.30909846e-04 2.00000000e+00 3.84177270e-01]
[8.30909846e-04 2.00000000e+00 4.15300583e-01]
[8.30909846e-04 2.00000000e+00 3.83483117e-01]
[9.35779817e-01 2.04000000e+02 7.08942048e-02]
[9.31192661e-01 2.03000000e+02 1.30989346e-01]
[9.77064220e-01 2.13000000e+02 6.93748343e-02]
[8.62385321e-01 1.88000000e+02 1.24174206e-01]
[ 0.18348624 40.          0.08168573]
[ 0.45412844 99.          0.15890391]
[0.00917431 2.         0.06772855]
[0.00917431 2.         0.06772855]
[0.00917431 2.         0.06772855]
[0.00917431 2.         0.06772855]
[8.89908257e-01 1.94000000e+02 1.24232881e-01]
[ 0.06422018 14.          0.07428358]
[0.02293578 5.         0.08182333]
[ 0.04587156 10.          0.06739499]
[ 0.20642202 45.          0.08873978]
[ 0.29816514 65.          0.08611385]
[ 0.23853211 52.          0.08432983]
[ 0.26605505 58.          0.07563744]
[ 0.05963303 13.          0.06495269]
[ 0.10550459 23.          0.05553555]
[ 0.11926606 26.          0.06797589]
[ 0.12844037 28.          0.10644782]
[ 0.2293578 50.         0.0887237]
[ 0.33486239 73.          0.08622305]
[ 0.22018349 48.          0.0567597 ]
[3.02752294e-01 6.60000000e+01 6.42336350e-02]
[4.90825688e-01 1.07000000e+02 1.06726345e-01]
[ 0.17431193 38.          0.05817806]
[ 0.16972477 37.          0.06205108]
[0.00917431 2.         0.06772855]
[0.00917431 2.         0.06772855]
[0.00917431 2.         0.06772855]
[0.00917431 2.         0.06772855]
[9.40366972e-01 2.05000000e+02 9.69789899e-02]
[9.35779817e-01 2.04000000e+02 1.29788469e-01]
[9.63302752e-01 2.10000000e+02 9.35260404e-02]
[7.01834862e-01 1.53000000e+02 9.87863239e-02]
[ 0.17431193 38.          0.05817806]
[ 0.21100917 46.          0.07880295]
[ 0.18807339 41.          0.06732586]
[ 0.30275229 66.          0.07688974]
[ 0.1559633  34.          0.06085021]
[0.02293578 5.         0.28161698]
[5.13497403e-02 1.20600000e+03 1.68712846e-01]
[3.27854892e-03 7.70000000e+01 1.51599304e-01]
[2.12892787e-04 5.00000000e+00 2.77507680e-01]
[8.51571149e-05 2.00000000e+00 3.82215639e-01]
[3.49144171e-03 8.20000000e+01 4.67393566e-02]
[1.70415815e-04 4.00000000e+00 3.07131290e-01]
[2.98227676e-04 7.00000000e+00 3.26308384e-01]
[8.94683027e-04 2.10000000e+01 2.74184207e-01]
[2.72558371e-04 2.29000000e+02 2.92199539e-01]
[1.13070067e-04 9.50000000e+01 2.23235683e-01]
[2.21819666e-02 1.86370000e+04 1.16430898e-01]
[2.02692972e-02 1.70300000e+04 1.03031830e-01]
[2.49270750e-02 9.40000000e+01 4.42399964e-02]
[8.28271673e-04 3.00000000e+00 4.64697576e-01]
[5.30222694e-04 2.00000000e+00 3.28494144e-01]
[5.30222694e-04 2.00000000e+00 1.14382367e-01]
[5.30222694e-04 2.00000000e+00 1.06173543e-01]
[5.30222694e-04 2.00000000e+00 1.93552402e-01]
[5.30222694e-04 2.00000000e+00 1.17716385e-01]
[5.30222694e-04 2.00000000e+00 1.17716385e-01]
[5.30222694e-04 2.00000000e+00 1.24100740e-01]
[5.30222694e-04 2.00000000e+00 2.41253007e-01]
[5.30222694e-04 2.00000000e+00 2.42691616e-01]
[5.30222694e-04 2.00000000e+00 6.89238103e-02]
[5.30222694e-04 2.00000000e+00 9.45246328e-02]
[5.30222694e-04 2.00000000e+00 1.57510409e-01]
[5.30222694e-04 2.00000000e+00 1.62822402e-02]
[5.30222694e-04 2.00000000e+00 2.15437361e-01]
[5.30222694e-04 2.00000000e+00 2.97118743e-01]
[5.30222694e-04 2.00000000e+00 4.02927332e-01]
[5.30222694e-04 2.00000000e+00 2.39803129e-01]
[6.83422762e-02 2.42000000e+02 8.31874944e-02]
[5.30222694e-04 2.00000000e+00 3.03473456e-01]
[5.30222694e-04 2.00000000e+00 3.02777679e-01]
[6.93829348e-02 2.35000000e+02 8.41977040e-02]
[1.32555673e-03 5.00000000e+00 2.73021303e-01]
[1.06044539e-03 4.00000000e+00 9.31691820e-02]
[4.75385591e-03 4.50000000e+01 5.26179915e-02]
[5.28206212e-03 5.00000000e+01 2.21821512e-02]
[3.48616100e-03 3.30000000e+01 3.59771528e-02]
[3.69744348e-03 3.50000000e+01 3.72466758e-02]
[5.70462709e-03 5.40000000e+01 6.20252058e-02]
[5.28206212e-03 5.00000000e+01 2.04541739e-02]
[3.59180224e-03 3.40000000e+01 2.09310338e-02]
[2.95795479e-03 2.80000000e+01 1.99650207e-02]
[2.95795479e-03 2.80000000e+01 1.81337614e-02]
[2.11282485e-04 2.00000000e+00 3.55749311e-01]
[1.08810480e-02 1.03000000e+02 2.19207608e-02]
[1.90154236e-03 1.80000000e+01 6.23272825e-02]
[2.11282485e-04 2.00000000e+00 1.10492284e-01]
[1.11979717e-02 1.06000000e+02 2.91758377e-02]
[1.16205367e-03 1.10000000e+01 5.96870713e-02]
[2.53538982e-03 2.40000000e+01 1.30942612e-02]
[2.11282485e-04 2.00000000e+00 4.97339519e-01]
[3.06359603e-02 2.90000000e+02 2.17758294e-02]
[2.11282485e-04 2.00000000e+00 4.37543788e-01]
[3.38051975e-03 3.20000000e+01 2.10227024e-02]
[5.28206212e-03 5.00000000e+01 2.04645168e-02]
[9.29642933e-03 8.80000000e+01 2.18623680e-02]
[1.94379886e-02 1.84000000e+02 2.10989726e-02]
[2.32410733e-02 2.20000000e+02 2.24123162e-02]
[8.66258187e-03 8.20000000e+01 5.14915615e-02]
[4.85949715e-03 4.60000000e+01 5.49561841e-02]
[1.55292626e-02 1.47000000e+02 3.83348115e-02]
[1.18318191e-02 1.12000000e+02 2.93446676e-02]
[2.11282485e-04 2.00000000e+00 8.44556323e-02]
[1.53441473e-02 7.00000000e+01 1.81359620e-01]
[1.53441473e-03 7.00000000e+00 1.65031078e-01]
[9.25471285e-01 4.22200000e+03 9.27647790e-02]
[3.50723367e-03 1.60000000e+01 2.52488788e-01]
[3.50723367e-03 1.60000000e+01 1.68682687e-01]
[1.53441473e-03 7.00000000e+00 2.47119052e-01]
[3.06882946e-03 1.40000000e+01 3.06872863e-01]
[1.31521263e-03 6.00000000e+00 3.21389567e-01]
[1.09601052e-03 5.00000000e+00 2.15910426e-01]
[4.38404209e-04 2.00000000e+00 4.62343705e-01]
[1.57825515e-02 7.20000000e+01 8.42930367e-02]
[1.24945199e-02 5.70000000e+01 1.14803018e-01]
[1.68785620e-02 7.70000000e+01 1.22280403e-01]
[4.38404209e-04 2.00000000e+00 4.31978962e-01]
[2.00000000e-06 2.00000000e+00 5.00000249e-01]
[2.00000000e-06 2.00000000e+00 4.99572777e-01]
[2.0000000e-06 2.0000000e+00 4.9647226e-01]
[2.00000000e-06 2.00000000e+00 4.93654185e-01]
[2.00000000e-06 2.00000000e+00 4.98396718e-01]
[2.00000000e-06 2.00000000e+00 4.38098479e-01]
[2.00000000e-06 2.00000000e+00 4.85307215e-01]
[2.0000000e-06 2.0000000e+00 4.3806437e-01]
[2.00000000e-06 2.00000000e+00 4.96312837e-01]
[2.00000000e-06 2.00000000e+00 4.66824208e-01]
[2.0000000e-06 2.0000000e+00 4.9365708e-01]
[2.00000000e-06 2.00000000e+00 4.98396959e-01]
[2.00000000e-06 2.00000000e+00 4.93391357e-01]
[2.00000000e-06 2.00000000e+00 4.98343863e-01]
[2.00000000e-06 2.00000000e+00 4.99997866e-01]
[2.0000000e-06 2.0000000e+00 5.0000014e-01]
[2.00000000e-06 2.00000000e+00 5.00000071e-01]
[2.00000000e-06 2.00000000e+00 4.99998604e-01]
[2.00000000e-06 2.00000000e+00 5.00000236e-01]
[2.00000000e-06 2.00000000e+00 4.99998927e-01]
[2.0000000e-06 2.0000000e+00 5.0000025e-01]
[2.00000000e-06 2.00000000e+00 5.00000022e-01]
[2.00000000e-06 2.00000000e+00 4.99999721e-01]
[2.00000000e-06 2.00000000e+00 4.99996133e-01]
[1.00000000e-05 1.00000000e+01 3.19339106e-01]
[3.84985563e-02 4.00000000e+01 2.95862396e-01]
[2.63715111e-01 2.74000000e+02 1.00732779e-01]
[2.59865255e-01 2.70000000e+02 1.00389496e-01]
[1.25120308e-02 1.30000000e+01 1.34596449e-01]
[1.44369586e-02 1.50000000e+01 2.94432732e-01]
[1.92492782e-03 2.00000000e+00 5.00240558e-01]
[0.02       3.         0.40961596]
[5.80298854e-05 2.00000000e+00 4.99833316e-01]
[5.80298854e-05 2.00000000e+00 4.34907829e-01]
[3.94603221e-03 1.36000000e+02 1.81257397e-01]
[8.70448281e-05 3.00000000e+00 4.55600287e-01]
[8.70448281e-05 3.00000000e+00 4.42181454e-01]
[8.70448281e-05 3.00000000e+00 4.10668858e-01]
[8.70448281e-05 3.00000000e+00 4.08758949e-01]
[8.70448281e-05 3.00000000e+00 3.59953867e-01]
[8.70448281e-05 3.00000000e+00 3.31200022e-01]
[8.70448281e-05 3.00000000e+00 2.02157471e-01]
[8.70448281e-05 3.00000000e+00 1.91612148e-01]
[8.70448281e-05 3.00000000e+00 3.32500942e-01]
[8.70448281e-05 3.00000000e+00 3.32500942e-01]
[8.70448281e-05 3.00000000e+00 1.60996855e-01]
[8.70448281e-05 3.00000000e+00 1.62279906e-01]
[8.70448281e-05 3.00000000e+00 2.34546929e-01]
[8.70448281e-05 3.00000000e+00 1.44947294e-01]
[8.70448281e-05 3.00000000e+00 2.25103149e-01]
[8.70448281e-05 3.00000000e+00 2.47357959e-01]
[8.70448281e-05 3.00000000e+00 3.49760979e-01]
[8.70448281e-05 3.00000000e+00 3.50230543e-01]
[8.70448281e-05 3.00000000e+00 1.94334990e-01]
[8.70448281e-05 3.00000000e+00 1.94334990e-01]
[8.70448281e-05 3.00000000e+00 4.36695399e-01]
[8.70448281e-05 3.00000000e+00 1.27807929e-01]
[8.70448281e-05 3.00000000e+00 2.75227057e-01]
[8.70448281e-05 3.00000000e+00 2.48948218e-01]
[8.70448281e-05 3.00000000e+00 2.48932287e-01]
[8.70448281e-05 3.00000000e+00 2.97561184e-01]
[8.70448281e-05 3.00000000e+00 2.92241024e-01]
[5.80298854e-05 2.00000000e+00 4.51717238e-01]
[5.05270270e-01 3.73900000e+03 1.12914616e-01]
[5.10675676e-01 3.77900000e+03 1.06621890e-01]
[5.14459459e-01 3.80700000e+03 1.00549041e-01]
[5.07702703e-01 3.75700000e+03 1.08193778e-01]
[5.08108108e-01 3.76000000e+03 1.09815379e-01]
[5.10000000e-01 3.77400000e+03 1.10515776e-01]
[5.08648649e-01 3.76400000e+03 1.08040003e-01]
[4.99324324e-01 3.69500000e+03 1.11871673e-01]
[5.08783784e-01 3.76500000e+03 1.04619406e-01]
[5.07432432e-01 3.75500000e+03 1.06050320e-01]
[5.11621622e-01 3.78600000e+03 1.01049931e-01]
[5.07567568e-01 3.75600000e+03 1.05987912e-01]
[5.06891892e-01 3.75100000e+03 1.12036604e-01]
[5.06216216e-01 3.74600000e+03 1.00837910e-01]
[5.06081081e-01 3.74500000e+03 1.02342880e-01]
[5.13108108e-01 3.79700000e+03 1.08550182e-01]
[5.03378378e-01 3.72500000e+03 1.04032708e-01]
[5.11756757e-01 3.78700000e+03 9.76805119e-02]
[5.05675676e-01 3.74200000e+03 1.10787972e-01]
[4.97972973e-01 3.68500000e+03 1.03413433e-01]
[2.70270270e-04 2.00000000e+00 5.00010118e-01]
[3.42935528e-04 2.00000000e+00 5.00042872e-01]
[1.93758573e-02 1.13000000e+02 1.86978965e-01]
[2.89780521e-02 1.69000000e+02 1.88508200e-01]
[1.93758573e-02 1.13000000e+02 1.86978965e-01]
[1.95473251e-02 1.14000000e+02 1.91330637e-01]
[8.17901235e-02 4.77000000e+02 2.76393671e-01]
[1.93758573e-02 1.13000000e+02 1.86978965e-01]
[3.06927298e-02 1.79000000e+02 2.43771239e-01]
[1.98902606e-02 1.16000000e+02 1.85511790e-01]
[3.22359396e-02 1.88000000e+02 2.37738164e-01]
[1.69753086e-02 9.90000000e+01 1.89888398e-01]
[1.98902606e-02 1.16000000e+02 2.04127504e-01]
[9.86111111e-01 5.75100000e+03 9.98341660e-02]
[8.17901235e-02 4.77000000e+02 2.50754651e-01]
[3.08641975e-02 1.80000000e+02 1.93134921e-01]
[9.82510288e-01 5.73000000e+03 6.67009102e-02]
[1.93758573e-02 1.13000000e+02 1.86978965e-01]
[3.22359396e-02 1.88000000e+02 2.37738164e-01]
[3.06927298e-02 1.79000000e+02 2.43771239e-01]
[9.81995885e-01 5.72700000e+03 8.44652284e-02]
[9.86625514e-01 5.75400000e+03 8.99915018e-02]
[9.83710562e-01 5.73700000e+03 8.58100347e-02]
[5.31550069e-03 3.10000000e+01 7.82284822e-02]
[1.69753086e-02 9.90000000e+01 1.89166458e-01]
[9.86111111e-01 5.75100000e+03 9.98341660e-02]
[1.69753086e-02 9.90000000e+01 1.89166458e-01]
[9.83539095e-01 5.73600000e+03 8.01721077e-02]
[3.22359396e-02 1.88000000e+02 2.37738164e-01]
[3.22359396e-02 1.88000000e+02 2.37738164e-01]
[ 0.16556291 25.          0.30792612]
[ 0.17218543 26.          0.30664355]
[0.01324503 2.         0.36052451]
[ 0.30463576 46.          0.20466283]
[0.01986755 3.         0.41016338]
[0.01740812 9.         0.28922223]
[0.01353965 7.         0.17570006]
[ 0.1450677  75.          0.19197023]
[0.00289855 2.         0.46748239]
[5.07246377e-01 3.50000000e+02 2.66280952e-01]
[  0.3115942  215.           0.27473194]
[0.00434783 3.         0.21503142]
[ 0.02028986 14.          0.28332806]
[0.0115942  8.         0.23370612]
[  0.19130435 132.           0.27731929]
[0.00289855 2.         0.49982433]
[0.00289855 2.         0.49508002]
[ 0.03333333 23.          0.18338239]
[0.00289855 2.         0.49859186]
[0.00434783 3.         0.14940653]
[  0.24782609 171.           0.27147169]
[  0.34782609 240.           0.30416338]
[0.00289855 2.         0.49731827]
[1.05152471e-04 2.00000000e+00 4.77491665e-01]
[5.00650846e-05 2.00000000e+00 3.74242581e-01]
[2.47822169e-03 9.90000000e+01 5.57300811e-03]
[1.73750876e-01 6.94100000e+03 2.70421906e-01]
[4.81325723e-01 1.92280000e+04 3.40242101e-01]
[1.51797337e-01 6.06400000e+03 3.02525795e-01]
[7.50976269e-05 3.00000000e+00 3.57703461e-01]
[7.50976269e-05 3.00000000e+00 3.15772295e-01]
[7.69700611e-01 3.07480000e+04 2.22618800e-01]
[4.95719435e-01 1.98030000e+04 8.11758519e-02]
[6.33849004e-01 2.53210000e+04 1.14975524e-01]
[5.60253329e-01 2.23810000e+04 1.03538959e-01]
[7.53829979e-01 3.01140000e+04 2.29722720e-01]
[0.00681818 3.         0.38713622]
[9.84090909e-01 4.33000000e+02 1.12773557e-01]
[9.56818182e-01 4.21000000e+02 1.00491227e-01]
[9.77272727e-01 4.30000000e+02 1.02430159e-01]
[9.68181818e-01 4.26000000e+02 7.97888589e-02]
[9.47727273e-01 4.17000000e+02 1.16790477e-01]
[0.00454545 2.         0.46805157]
[0.00681818 3.         0.38713622]
[0.01980198 2.         0.49692121]
[0.01980198 2.         0.40049474]
[0.01980198 2.         0.49532468]
[0.01980198 2.         0.4935224 ]
[0.01980198 2.         0.42775027]
[0.01980198 2.         0.48133478]
[0.01980198 2.         0.49950471]
[0.01980198 2.         0.49151211]
[0.01980198 2.         0.38460472]
[0.01980198 2.         0.40784388]
[0.01980198 2.         0.27140996]
[0.01980198 2.         0.37601348]
[0.05940594 6.         0.25063879]
[0.01980198 2.         0.43939653]
[0.01980198 2.         0.33655212]
[0.01980198 2.         0.49831399]
[0.024      3.         0.37567144]
[0.024      3.         0.37567144]
[ 0.368      46.          0.21683818]
[0.016      2.         0.49016126]
[2.49270750e-02 9.40000000e+01 4.42399964e-02]
[8.28271673e-04 3.00000000e+00 4.64697576e-01]
[5.30222694e-04 2.00000000e+00 3.28494144e-01]
[5.30222694e-04 2.00000000e+00 1.14382367e-01]
[5.30222694e-04 2.00000000e+00 1.06173543e-01]
[5.30222694e-04 2.00000000e+00 1.93552402e-01]
[5.30222694e-04 2.00000000e+00 1.17716385e-01]
[5.30222694e-04 2.00000000e+00 1.17716385e-01]
[5.30222694e-04 2.00000000e+00 1.24100740e-01]
[5.30222694e-04 2.00000000e+00 2.41253007e-01]
[5.30222694e-04 2.00000000e+00 2.42691616e-01]
[5.30222694e-04 2.00000000e+00 6.89238103e-02]
[5.30222694e-04 2.00000000e+00 9.45246328e-02]
[5.30222694e-04 2.00000000e+00 1.57510409e-01]
[5.30222694e-04 2.00000000e+00 1.62822402e-02]
[5.30222694e-04 2.00000000e+00 2.15437361e-01]
[5.30222694e-04 2.00000000e+00 2.97118743e-01]
[5.30222694e-04 2.00000000e+00 4.02927332e-01]
[5.30222694e-04 2.00000000e+00 2.39803129e-01]
[6.83422762e-02 2.42000000e+02 8.31874944e-02]
[5.30222694e-04 2.00000000e+00 3.03473456e-01]
[5.30222694e-04 2.00000000e+00 3.02777679e-01]
[6.93829348e-02 2.35000000e+02 8.41977040e-02]
[1.32555673e-03 5.00000000e+00 1.80220970e-01]
[5.30222694e-04 2.00000000e+00 2.39803129e-01]
[3.35601184e-04 2.20000000e+01 6.96942266e-02]
[3.96619581e-04 2.60000000e+01 7.25416585e-02]
[1.98309790e-04 1.30000000e+01 9.11970394e-02]
[1.27833542e-02 8.38000000e+02 1.31451157e-02]
[6.10183970e-05 4.00000000e+00 4.70188767e-02]
[7.62729963e-05 5.00000000e+00 5.44359659e-02]
[7.16966165e-04 4.70000000e+01 2.92622205e-02]
[1.28138634e-03 8.40000000e+01 4.81582195e-02]
[2.28818989e-03 1.50000000e+02 4.18015900e-02]
[0.01226994 2.         0.5015314 ]
[ 0.10429448 17.          0.19793778]
[ 0.09202454 15.          0.21030391]
[0.01840491 3.         0.25684598]
[0.02453988 4.         0.21586374]
[0.01226994 2.         0.21670031]
[0.01226994 2.         0.5015314 ]
[ 0.09202454 15.          0.20835955]
[ 0.09202454 15.          0.20113457]
[0.01226994 2.         0.49880566]
[0.02453988 4.         0.21159152]
[0.01226994 2.         0.15519483]
[0.01851852 3.         0.50155039]
[ 0.08641975 14.          0.24190774]
[ 0.09876543 16.          0.22868451]
[0.01851852 3.         0.49844479]
[0.0308642  5.         0.21679792]
[0.01851852 3.         0.22977169]
[7.18218817e-04 3.00000000e+00 4.11120208e-01]
[6.70337563e-03 2.80000000e+01 1.15148894e-01]
[9.99138674e-01 1.16000000e+03 8.53158639e-02]
[3.44530577e-03 4.00000000e+00 2.46625561e-01]
[3.91582800e-01 4.28000000e+02 1.60101758e-01]
[2.70222222e-01 3.04000000e+02 1.43372003e-01]
[2.07563764e-01 2.36000000e+02 1.45316189e-01]
[2.97157623e-01 3.45000000e+02 1.45562649e-01]
[4.44647758e-01 4.86000000e+02 1.65490473e-01]
[3.32444444e-01 3.74000000e+02 1.57348119e-01]
[2.70888303e-01 3.08000000e+02 1.60221468e-01]
[3.71231697e-01 4.31000000e+02 1.49005637e-01]
[2.56675280e-01 2.98000000e+02 1.43017516e-01]
[2.19638243e-01 2.55000000e+02 1.24022343e-01]
[2.07579673e-01 2.41000000e+02 1.42751027e-01]
[7.14900947e-02 8.30000000e+01 1.09629739e-01]
[1.72265289e-03 2.00000000e+00 4.58342142e-01]
[ 0.02173913 16.          0.28707439]
[0.00543478 4.         0.05259137]
[0.01086957 8.         0.30294908]
[ 0.01630435 12.          0.26079798]
[0.01222826 9.         0.25744991]
[ 0.01358696 10.          0.16092218]
[0.00271739 2.         0.49318784]
[ 0.03668478 27.          0.27872431]
[ 0.11796982 86.          0.18889441]
[0.00679348 5.         0.3496675 ]
[6.25782228e-04 2.00000000e+00 3.15048915e-01]
[6.25782228e-04 2.00000000e+00 2.55860809e-01]
[6.25782228e-04 2.00000000e+00 1.90127515e-01]
[6.25782228e-04 2.00000000e+00 3.01045751e-01]
[6.25782228e-04 2.00000000e+00 4.71662365e-01]
[6.25782228e-04 2.00000000e+00 4.98570409e-01]
[6.25782228e-04 2.00000000e+00 4.81807809e-01]
[6.25782228e-04 2.00000000e+00 4.12796311e-01]
[6.25782228e-04 2.00000000e+00 4.85579749e-01]
[6.25782228e-04 2.00000000e+00 4.59976671e-01]
[6.25782228e-04 2.00000000e+00 4.95359824e-01]
[6.25782228e-04 2.00000000e+00 3.06770673e-01]
[6.25782228e-04 2.00000000e+00 4.62596463e-01]
[6.25782228e-04 2.00000000e+00 6.83578898e-02]
[9.38673342e-04 3.00000000e+00 2.26316264e-01]
[6.25782228e-04 2.00000000e+00 2.15506451e-01]
[6.25782228e-04 2.00000000e+00 1.71576514e-01]
[6.25782228e-04 2.00000000e+00 4.63742983e-01]
[6.25782228e-04 2.00000000e+00 8.98416022e-02]
[6.25782228e-04 2.00000000e+00 3.57923014e-01]
[6.25782228e-04 2.00000000e+00 3.86504178e-01]
[6.25782228e-04 2.00000000e+00 4.00250235e-01]
[6.25782228e-04 2.00000000e+00 2.32373337e-01]
[6.25782228e-04 2.00000000e+00 4.85962285e-01]
[6.25782228e-04 2.00000000e+00 5.85749929e-02]
[6.25782228e-04 2.00000000e+00 4.61167931e-01]
[6.25782228e-04 2.00000000e+00 2.27538856e-01]
[6.25782228e-04 2.00000000e+00 1.76887284e-02]
[6.25782228e-04 2.00000000e+00 1.20391671e-01]
[6.25782228e-04 2.00000000e+00 2.01879096e-01]
[6.25782228e-04 2.00000000e+00 3.81545057e-01]
[6.25782228e-04 2.00000000e+00 2.27538856e-01]
[6.25782228e-04 2.00000000e+00 4.85269870e-01]
[6.25782228e-04 2.00000000e+00 4.83421317e-01]
[6.25782228e-04 2.00000000e+00 4.42076457e-01]
[6.25782228e-04 2.00000000e+00 4.31258562e-01]
[1.00000000e+00 4.71000000e+02 2.81324303e-01]
[ 0.19532909 92.          0.3155399 ]
[9.51167728e-01 4.48000000e+02 1.12336250e-01]
[8.87473461e-01 4.18000000e+02 8.79103211e-02]
[1.95329087e-01 9.20000000e+01 6.92090539e-02]
[0.00849257 4.         0.15446846]
[0.00424628 2.         0.40169492]
[0.00424628 2.         0.13705121]
[0.21428571 3.         0.41437097]
[ 0.85714286 12.          0.31293655]
[ 0.71428571 10.          0.33178123]
[0.14285714 2.         0.49724516]
[4.77708908e-05 4.00000000e+00 3.12467402e-01]
[5.05040282e-03 2.49500000e+03 1.21337103e-02]
[6.07262864e-06 3.00000000e+00 2.87802803e-01]
[2.22663050e-05 1.10000000e+01 2.25085507e-01]
[6.67989150e-03 3.30000000e+03 1.42522905e-03]
[2.17096474e-02 1.07250000e+04 6.40873625e-03]
[4.04841909e-06 2.00000000e+00 6.67313397e-03]
[6.07262864e-06 3.00000000e+00 4.49351280e-02]
[8.09683818e-06 4.00000000e+00 1.83675450e-03]
[4.45326100e-05 2.20000000e+01 2.60701124e-02]
[1.21452573e-05 6.00000000e+00 3.10392252e-03]
[4.04841909e-06 2.00000000e+00 3.55343050e-01]
[4.65568196e-05 2.30000000e+01 2.03430778e-03]
[4.04841909e-06 2.00000000e+00 1.05507988e-02]
[6.07262864e-06 3.00000000e+00 3.89631498e-03]
[4.04841909e-05 2.00000000e+01 2.02690872e-03]
[3.64357718e-05 1.80000000e+01 3.44342772e-03]
[6.07262864e-06 3.00000000e+00 5.51001067e-03]
[1.41694668e-05 7.00000000e+00 4.56021586e-03]
[4.04841909e-06 2.00000000e+00 3.72110700e-02]
[9.91862678e-04 4.90000000e+02 4.17117626e-01]
[9.51378487e-04 4.70000000e+02 4.82040578e-01]
[5.18197644e-04 2.56000000e+02 2.53900396e-01]
[5.18197644e-04 2.56000000e+02 4.15843940e-01]
[4.65568196e-05 2.30000000e+01 1.04444317e-01]
[0.00749064 2.         0.4051845 ]
[0.00749064 2.         0.4979754 ]
[0.00749064 2.         0.43218884]
[0.00749064 2.         0.4893907 ]
[0.00749064 2.         0.45209222]
[0.00749064 2.         0.4917156 ]
[0.00749064 2.         0.4253916 ]
[0.00749064 2.         0.45209222]
[0.00749064 2.         0.49556622]
[0.00749064 2.         0.46371539]
[0.00749064 2.         0.48586798]
[0.00749064 2.         0.42996778]
[0.00749064 2.         0.45729455]
[0.00749064 2.         0.50090735]
[0.00749064 2.         0.4605773 ]
[0.00749064 2.         0.38156086]
[0.00749064 2.         0.46371539]
[0.00749064 2.         0.3500363 ]
[0.00749064 2.         0.33812833]
[0.00749064 2.         0.43218884]
[0.00749064 2.         0.46815758]
[0.00749064 2.         0.48185224]
[0.00749064 2.         0.49311671]
